# Created by Octave 4.2.1, Thu May 25 20:00:44 2017 GMT <unknown@unknown>
# name: y
# type: matrix
# rows: 1
# columns: 512
 1 0.1087475296531551 0.1976413376014945 0.2480497510295123 0.1557448929989454 0.01696051367257094 0.09035099528486437 0.1239184460204906 0.08550384348382985 0.009756003519721395 0.05723383704819211 0.08259265932109477 0.05963151824378052 0.007904892460042676 0.04130329941171349 0.06180968768653104 0.04629664662353396 0.007075030049909777 0.03180531191379827 0.04942136693385436 0.03802341478981343 0.006761277722205363 0.02564016229341069 0.04104009406173741 0.03253557069812278 0.006487167826580397 0.02115320132653025 0.03514782523284011 0.02846410603971211 0.006422318674550651 0.01790942348866149 0.03060504965835048 0.02549458613761248 0.006275830591348724 0.0152772424601073 0.02717327485670179 0.02305358236774666 0.006282866894440338 0.01328564212340959 0.02430355207578522 0.02120099187730149 0.006179780511723745 0.01153902535356481 0.02206161762955534 0.01955891234064809 0.006214461148245036 0.01019696765847754 0.02006853283813893 0.0182976573961532 0.006129747807440285 0.008940991568365354 0.01849121395766663 0.01710558199707784 0.006177070233037966 0.007978634027107497 0.01701404566408017 0.0161947440379992 0.006101309282935806 0.007022533000997332 0.01584524190482522 0.01528087316358941 0.006155127322248194 0.00630113538178969 0.01469706314403869 0.0145945908091207 0.006084178339922624 0.005541556161502584 0.01379709654082104 0.01386457902054036 0.006141625704488702 0.004982525205075087 0.01287140859452352 0.01333072110450106 0.006073457331020589 0.004358625496922595 0.01215764196752729 0.01272846501388927 0.006133064683990387 0.00391411713022138 0.01138932843837858 0.01230273029291601 0.006066594885420469 0.003387749425135997 0.01080974754225393 0.01179277650170825 0.00612755267173334 0.003026969740266851 0.0101567520189978 0.01144645105889407 0.006062167145065999 0.002572999370003959 0.00967697875552908 0.01100529271091535 0.006124003293160773 0.002275226750270903 0.009110921145686079 0.01071894454964752 0.006059335118760244 0.001876414553668019 0.008707316122185355 0.01033037556515225 0.006121761494838326 0.001627187747317801 0.008208344094013999 0.01009037940348737 0.006057582291975249 0.001271310267028149 0.00786410974449696 0.009742859062568355 0.006120416339529496 0.001060224796892555 0.007417911793684607 0.009539372757143613 0.006056579053689883 0.0007383683617071089 0.007120776422289485 0.00922445417830129 0.006119701482202765 0.0005577417205091504 0.006716767138913698 0.009050185502672916 0.006056108724367168 0.0002632477273054833 0.00645754908106406 0.008761538580556644 0.00611943956109631 0.0001072783981633939 0.006087722881315033 0.008610964233304666 0.006056025312086897 0.0001649328866777323 0.005859407786207199 0.008343746229065004 0.006119509795564837 0.0003007133854606167 0.005517590399253211 0.008212600701331781 0.006056228436337335 0.000554590094409767 0.00531471965137067 0.00796303819628358 0.006119828418090535 0.0006736847779665224 0.004996065053136989 0.007847969574280333 0.006056647940373497 0.000912347441465703 0.004814319346440209 0.007613073298777256 0.006120336486984191 0.001017546791496989 0.004514963000480091 0.007511405602258157 0.006057234174051141 0.001243499974959801 0.004350871968762186 0.00728877126502155 0.006120992090396357 0.001337059971887127 0.004067686382867468 0.007198336652758251 0.006057951702855754 0.001552342800931012 0.003918421779030936 0.006986002870654132 0.006121765242402 0.001636112809230275 0.003648840673707775 0.00690502077519518 0.006058775146287606 0.001842408124233933 0.003512066194839334 0.00670136577670506 0.006122634473971615 0.001917924474815497 0.003253955672645394 0.006628354233491914 0.006059686373462145 0.002116639407913119 0.003127715966567841 0.006432019418146886 0.006123584517040761 0.00218519506693311 0.002879278488249171 0.00636572889514966 0.006060672583890271 0.002377521525085681 0.002761915742315756 0.006175561321075362 0.006124604709228495 0.002440218813073931 0.002521617381408674 0.00611492453156024 0.006061724978085496 0.002627179612553747 0.002411707626999585 0.005929932946587594 0.006125687883749295 0.002684970737015859 0.002178222076710892 0.005874026174900834 0.006062837829318233 0.002867455356912045 0.002074525769638876 0.005693346862705769 0.006126829592732037 0.002921174078702677 0.001846690546767693 0.005641359678706782 0.006064007833911033 0.003099966824762769 0.001748113591558801 0.005464229489911166 0.006128027564534723 0.003150353615598925 0.001524895199027369 0.005415440627931601 0.006065233659292816 0.003326156194534912 0.001430457667654168 0.005241175306601441 0.006129281329218588 0.003373878590642568 0.001210923370273402 0.005194933095926564 0.006066515636046308 0.003547328555448835 0.001119733904680244 0.005022909517647189 0.006130591968297938 0.003592997965101919 0.0009030283854619106 0.004978615671051952 0.006067855558121409 0.003764684120471515 0.0008142627822862533 0.004808256957405974 0.006131961959604266 0.003808870034121857 0.0005995883698326223 0.004765352814180003 0.006069256567661041 0.003979345634236763 0.0005124711976199052 0.004596115529456911 0.006133395098296881 0.004022587972856827 0.0002990706474283939 0.004554070049469989 0.006070723109334722 0.004192382366899873 0.0002128589885310329 0.004385432850955544 0.00613489648244771 0.004235202558262269 1.089879661979318e-015 0.004343731792316257 0.006072260945666574 0.004404831820502047 8.603142850309179e-005 0.004175185016133119 0.006136472557171647 0.004447743097855728 0.0002990706474286753 0.004133320817472867 0.006073877229630185 0.00461772010375384 0.0003856436375923126 0.003964356550886841 0.00613813121590433 0.004661237464339211 0.0005995883698294584 0.003921818490625914 0.006075580635355426 0.004832081834312323 0.000687435222254699 0.003751920716794376 0.006139881961757705 0.004876732070877608 0.0009030283854603394 0.003708184941633814 0.006077381551887658 0.005048980393680806 0.0009929063446524132 0.00353681934800197 0.006141736136026857 0.00509531261730516 0.001210923370272956 0.003491338353452032 0.00607929234942043 0.005269529385213419 0.001303630107619611 0.003317941370779023 0.006143707225895845 0.005318126493203552 0.001524895199028212 0.003270132476996593 0.006081327732953366 0.005494916232865266 0.001621286031533554 0.003094099059884851 0.006145811269347363 0.005546407845188247 0.001846690546766865 0.003043331351739093 0.00608350520481573 0.005726429017492747 0.001947698209610594 0.002864000916930461 0.006148067382908369 0.005781506516802227 0.002178222076713 0.002809579999626435 0.006085845666710514 0.005965487896551725 0.002284880066972384 0.002626219794357908 0.006150498448626546 0.006024922374263751 0.002521617381415667 0.002567369541229784 0.006088374204180724 0.006213682822443009 0.002635088182289239 0.002379154502787848 0.006153132011141752 0.006278346976706007 0.002879278488248352 0.002314994717605334 0.006091121114192368 0.006472819811216252 0.003000888406540878 0.00212098257957802 0.006156001456925146 0.006543715194817311 0.003253955672644431 0.002050501128137925 0.006094123261517329 0.006744978789228875 0.003385238634813362 0.001849601086443902 0.00615914757849576 0.006823270316512438 0.003648840673706758 0.001771618518478456 0.00609742588749558 0.007032587173898432 0.003791594219000225 0.00156255112448486 0.006162620672109794 0.007119647543763158 0.004067686382866138 0.001475675024023812 0.006101085050617885 0.007338515002021126 0.004224044408732528 0.001256920019705204 0.006166483386886168 0.007435982803876817 0.004514963000479912 0.001159485158134997 0.006105170964561443 0.007666199888704216 0.004687491786415842 0.0009292125403532702 0.006170814650656455 0.007776056831190172 0.004996065053137494 0.0008192011476772159 0.006109772633982853 0.008019813840780427 0.005187892091342002 0.0005751785713969199 0.006175715167425373 0.008144489112430348 0.005517590399249055 0.0004501123318236624 0.006115004403341097 0.008404489727252829 